start=1657.239206
speed=1.610510
pause=yes
