start=2865.071000
volume=92.000000
sid=1
