start=5820.147667
volume=86.000000
sid=1
