start=109.234125
pause=yes
fullscreen=yes
panscan=0.400000
sub-pos=96
