start=2525.052000
speed=2.143589
