start=566.966667
speed=1.771561
