start=605.585984
speed=1.771561
pause=yes
