start=1276.000000
volume=82.000000
