start=1935.711000
speed=2.593742
pause=yes
