start=0.185760
pause=yes
sub-delay=0.400000
