start=240.333333
volume=66.000000
