start=2665.888798
pause=yes
volume=130.000000
contrast=1
