start=759.640823
speed=1.771561
pause=yes
